[[4.0844715e+01 4.8830753e+01]
 [1.0396394e+01 4.8996143e+01]
 [5.1834896e+01 9.7987694e+01]
 [7.4895531e+01 4.8972721e+01]
 [3.0789143e+01 9.8079796e+01]
 [7.0726189e+01 4.8776981e+01]
 [1.5635138e+01 4.8950089e+01]
 [7.1415657e+01 4.8756229e+01]
 [6.0668095e+01 4.8964088e+01]
 [2.2394939e+01 9.7789986e+01]
 [9.2866211e+00 4.8913757e+01]
 [7.4451050e+01 4.8947674e+01]
 [6.4323494e+01 4.8814041e+01]
 [4.2530975e+01 4.8994709e+01]
 [6.6020767e+01 9.7756744e+01]
 [4.0844715e+01 4.8830753e+01]
 [1.8485537e+01 4.8576080e+01]
 [2.6184624e+01 9.7987137e+01]
 [3.3612396e+01 9.8168442e+01]
 [1.4059078e+01 4.8608257e+01]
 [7.7090446e+01 4.9196777e+01]
 [6.4359985e+01 9.7949799e+01]
 [7.3039031e+00 9.7759254e+01]
 [2.8236567e+01 9.8004784e+01]
 [7.7467583e+01 9.8149826e+01]
 [7.0726189e+01 4.8776981e+01]
 [7.7399673e+01 4.9345165e+01]
 [6.1625561e+01 4.8911270e+01]
 [4.8927579e+00 9.8293159e+01]
 [3.4352345e+01 9.8218460e+01]
 [1.5830404e+01 9.8148636e+01]
 [5.3348423e+01 4.9127945e+01]
 [5.9126179e+01 9.8102577e+01]
 [8.9332008e+00 9.7553024e+01]
 [1.3342222e+01 4.9080029e+01]
 [6.7744202e+01 4.8783249e+01]
 [7.3159471e+00 4.8889507e+01]
 [4.2957428e+01 4.8942921e+01]
 [5.9286083e+01 4.9010754e+01]
 [1.3397903e+00 9.7623535e+01]
 [4.7827835e+01 4.9053139e+01]
 [8.5592270e-04 4.9559494e+01]
 [6.8376053e+01 4.8757481e+01]
 [8.1014500e+00 9.7819717e+01]
 [6.9715797e+01 9.7804741e+01]
 [8.1736946e-01 4.9247227e+01]
 [4.5101768e+01 4.8979515e+01]
 [6.7744202e+01 4.8783249e+01]
 [6.5154297e+01 4.8836201e+01]
 [5.3544762e+01 9.7922050e+01]
 [6.6020767e+01 9.7756744e+01]
 [6.8376053e+01 4.8757481e+01]
 [7.6907639e+01 9.8011101e+01]
 [4.8319832e+01 4.9019283e+01]
 [4.8682594e+01 4.8974468e+01]
 [7.2602882e+01 9.7818336e+01]
 [7.6907639e+01 9.8011101e+01]
 [3.1293959e+01 9.8119308e+01]
 [6.8058189e+01 9.7512383e+01]
 [7.3721924e+01 4.8875679e+01]
 [6.4323494e+01 4.8814041e+01]
 [7.7399673e+01 4.9345165e+01]
 [4.5465797e+01 4.8971535e+01]
 [4.7235889e+01 9.7667557e+01]
 [2.3950588e+01 9.7934479e+01]
 [4.3811569e+01 9.7939972e+01]
 [4.7235889e+01 9.7667557e+01]
 [1.2699133e+01 4.8810448e+01]
 [2.2394939e+01 9.7789986e+01]
 [2.9388554e+01 9.8073395e+01]
 [3.7047215e+01 9.8221191e+01]
 [3.5285648e+01 9.8077805e+01]
 [6.3297577e+01 9.7873619e+01]
 [5.9841385e+01 4.8960621e+01]
 [4.0854801e+01 9.7976585e+01]
 [1.2598251e+01 9.7985664e+01]
 [3.5157021e+01 4.8841244e+01]
 [7.6767471e+01 4.9224216e+01]
 [9.2866211e+00 4.8913757e+01]
 [5.4375557e+01 4.9046501e+01]
 [4.8393440e+01 9.7811165e+01]
 [6.9629692e+01 4.8763729e+01]
 [4.3811569e+01 9.7939972e+01]
 [2.9923079e+00 9.8419922e+01]
 [3.5157021e+01 4.8841244e+01]
 [1.4059078e+01 4.8608257e+01]
 [4.2052593e+01 9.7755936e+01]
 [3.2319077e+01 9.8187660e+01]
 [8.5592270e-04 4.9559494e+01]
 [7.6907639e+01 9.8011101e+01]
 [6.9629692e+01 4.8763729e+01]
 [7.4004913e+01 4.8869839e+01]
 [3.6655293e+00 4.8950241e+01]
 [6.6020767e+01 9.7756744e+01]
 [1.4059078e+01 4.8608257e+01]
 [7.1415657e+01 4.8756229e+01]
 [5.1439671e+01 9.7927345e+01]
 [1.5885069e+00 9.7788818e+01]
 [6.9629692e+01 4.8763729e+01]
 [2.1783575e+01 9.7784637e+01]]